
Performance Data 
DRY RUNWAY TAKEOFF FIELD LENGTH 

TEMPERATURE 

FLAPS — 8° 
-40 -20 0 20 40 

ANTI-ICE — ON 
ALT 
WT FT 
-40 -30 -20 -10 0 10 
LB 
14,000 
3710 3840 3980 4110 4270 4530 
15,000 
3760 3890 4030 4160 4330 4620 
16,000 
3810 3950 4080 4220 4400 4720 
17,000 
3860 4000 4150 4290 4490 4840 
This table was prepared for the following 
7000 18,000 
3920 4070 4230 4380 4590 4960 
19,000 
4000 4150 4310 4470 4720 5450 
conditions: 
20,000 
4410 4580 4770 4950 5220 6090 
21,000 
4860 5060 5270 5460 5760 6970 
21,500 
5110 5320 5520 5730 6070 7480 
Flaps — 8°
14,000 
3830 3970 4110 4240 4440 4820 
15,000 
3880 4020 4160 4300 4510 4930 
APR — Armed/Off 
16,000 
3930 4070 4220 4360 4600 5060 
17,000 
3990 4140 4290 4450 4700 5200 
Autospoilers — Armed 
8000 18,000 
4050 4210 4370 4540 4800 5510 
19,000 
4130 4300 4460 4630 4980 6180 
Rudder Boost — On 
20,000 
4560 4760 4940 5130 5540 7110 
21,000 
5030 5250 5450 5670 6120 8190 
Anti-Skid — On* 
21,500 
5290 5510 5730 5950 6420 8790 
Runway Surface — Dry 
14,000 
3970 4110 4250 4400 4630 5070 
15,000 
4020 4160 4310 4460 4720 5200 
Anti-Ice — On 
16,000 
4070 4220 4370 4540 4820 5350 
17,000 
4130 4290 4460 4640 4930 5510 
9000 
Thrust Reversers — Stowed 
18,000 
4210 4380 4550 4730 5050 6290 
19,000 
4370 4540 4720 4920 5480 7320 
Zero Wind*
20,000 
4830 5020 5220 5430 6100 8450 
21,000 
5330 5550 5770 6030 6780 9730 
Zero Runway Gradient* 
21,500 
5580 5840 6070 6300 7230 10550 
14,000 
4110 4260 4410 4570 4840 5350 
15,000 
4160 4310 4460 4650 4950 5510 
* For conditions other than these, apply the 
16,000 
4220 4380 4540 4740 5070 5680 
17,000 
4290 4460 4630 4840 5190 6120 
result from this table to the correction chart 
10,000 18,000 
4380 4550 4730 4940 5350 7400 
19,000 
4550 4730 4910 5160 5980 8630 
in Figure 5-35.
20,000 
5030 5230 5450 
5700 6660 10090 
21,000 
5550 5780 6020 
6310 7620 11940 
21,500 
5830 6080 6310 
6600 8170 13420 
APR Armed or Off APR Armed Only 
NOTE: The TAKEOFF FIELD LENGTH table for anti-ice ON must be used whenever NAC Anti-Ice, 
NOTE: If BRAKE FAULT CAS illuminated, 
WING/STAB Anti-Ice or both are ON. 
add 500 feet to takeoff field length. 

45-4031 
FM-134 FAA Approved 11-13-2013 
Figure 5-34 
EFFECTIVITY All 

